5 0.877083 0.683796 0.245833 0.632407 0.256754
5 0.795052 0.143981 0.0526042 0.221296 0.70177
5 0.8375 0.166204 0.0489583 0.193519 0.797997
5 0.88099 0.579167 0.238021 0.406481 0.822359
5 0.558333 0.496296 0.103125 0.327778 0.869839
5 0.266406 0.215741 0.241146 0.42963 0.876679
5 0.745573 0.139352 0.0567708 0.239815 0.879203
5 0.667448 0.151389 0.119271 0.29537 0.896357
5 0.571875 0.152778 0.103125 0.3 0.906254
5 0.848958 0.749537 0.294792 0.493519 0.913577
5 0.078125 0.217593 0.155208 0.42037 0.922921
5 0.653906 0.693519 0.182812 0.516667 0.924362
5 0.317969 0.623611 0.182812 0.408333 0.929039
5 0.113802 0.754167 0.223438 0.487963 0.930674
5 0.453385 0.164352 0.165104 0.326852 0.934254
5 0.471875 0.576852 0.123958 0.335185 0.941184
