2 0.701823 0.293519 0.0557292 0.225926 0.404164
2 0.703646 0.249074 0.0520833 0.137037 0.596051
5 0.0630208 0.15787 0.0416667 0.0768519 0.622376
3 0.781771 0.708796 0.2375 0.410185 0.654766
5 0.01875 0.156944 0.0375 0.0805556 0.672716
5 0.14974 0.163426 0.0286458 0.075 0.779251
5 0.11875 0.163889 0.0322917 0.0777778 0.787431
5 0.192708 0.187963 0.0479167 0.0962963 0.808692
2 0.922396 0.35 0.0645833 0.351852 0.826957
2 0.771094 0.294907 0.0432292 0.243519 0.840278
2 0.848177 0.328704 0.0817708 0.327778 0.853935
2 0.58151 0.725 0.194271 0.55 0.855027
2 0.63125 0.291204 0.046875 0.241667 0.861435
